1240.6848169028979
563.8609539341671
299.3734577213947
191.2366635332156
142.9852761318358
118.7562957369445
104.79607463542449
95.61335619472469
88.89452031893322
83.59493857079403
79.2025335275618
75.44303763800102
72.15624743298832
69.24092103253247
66.62856483919259
64.27009649320398
62.12862219295799
60.17530614823618
58.38689519418052
56.744172745361595
55.230955357535564
53.833416648290985
52.5396146050753
51.339148925071875
50.22290398626807
49.18285000485967
48.21188504715271
47.30370669159048
46.4527059060304
45.65387806225998
44.90274751101096
44.19530311780814
43.52794281193714
42.89742564808476
42.300830196331965
41.73551830642772
41.19910346500021
40.68942309734884
40.204514270334734
39.74259233715085
39.302032133586486
38.8813513923041
38.47919608916261
38.09432747561518
37.72561058504256
37.372004029672425
37.03255092929871
36.706370834044506
36.3926525214732
36.09064756386467
35.799664574873326
35.519064056320175
35.248253775864484
34.98668461494798
34.73384683389621
34.489266707576924
34.25250349066457
34.02314667649087
33.800813517749894
33.58514678106851
33.37581271072747
33.17249917967582
32.974914008486316
32.782783435099724
32.59585072012629
32.41387487417424
32.23662949515904
32.06390170486738
31.895491175197108
31.731209235529203
31.570878053580625
31.4143298828945
31.261406370826876
31.111957921523395
30.96584310893367
30.82292813540878
30.683086331870317
30.546197695931827
30.412148464706892
30.280830719348344
30.15214201865106
30.025985059292942
29.902267360521783
29.78090097129445
29.661802198055955
29.544891351513066
29.430092510899836
29.31733330436541
29.20654470424041
29.09766083603781
28.990618800145224
28.885358505258353
28.781822512677564
28.679955890667493
28.57970607814688
28.48102275702809
28.38385773259194
28.28816482132119
28.19389974566992
28.101020035283913
28.009484934224453
27.91925531378413
27.83029359051319
27.742563649104955
27.656030769814556
27.57066156010992
27.486423890275955
27.40328683271303
27.321220604690897
27.240196514334627
27.16018690963653
27.081165130301308
27.00310546224774
26.92598309459843
26.84977407900601
26.77445529116933
26.700004394407255
26.62639980516471
26.553620660334204
26.48164678628434
26.410458669493764
26.340037428695698
26.270364788444475
26.20142305402085
26.133195087599198
26.065664285603823
25.998814557186112
25.932630303759204
25.867096399530766
25.80219817297772
25.737921389210435
25.674252233177256
25.61117729366366
25.548683548042124
25.486758347731985
25.425389404331593
25.364564776386427
25.304272856759027
25.244502360569417
25.18524231367631
25.12648204166976
25.06821115935006
25.0104195606669
24.953097409095843
24.89623512842929
24.839823393961456
24.78385312404742
24.728315472017396
24.673201818429174
24.61850376364126
24.56421312069138
24.510321908466153
24.45682234514654
24.403706841916872
24.35096799692463
24.298598589478875
24.246591574476007
24.19494007704311
24.143637387387145
24.09267695584224
24.04205238810459
23.991757440647394
23.941786016307052
23.89213216003318
23.842790054795064
23.793754017637635
23.745018495880323
23.69657806345257
23.648427417360082
23.600561374276044
23.55297486725198
23.505662942543307
23.458620756544473
23.411843572829206
23.365326759291566
23.31906578538337
23.273056219444186
23.227293726120077
23.181774063867508
23.136493082538934
23.091446721046555
23.04663100510192
23.002042045027153
22.957676033635988
22.913529244181746
22.869598028369026
22.825878814427167
22.78236810524344
22.73906247655277
22.695958575182686
22.65305311735103
22.610342887014593
22.567824734266722
22.52549557378207
22.483352383307086
22.44139220219389
22.399612129976962
22.35800932499009
22.316581003022968
22.275324436015527
22.23423695078892
22.19331592781187
22.152558800001053
22.1119630515545
22.07152621681667
22.031245879174563
21.99111966998304
21.95114526751952
21.911320395965763
21.871642824417073
21.832110365917103
21.79272087651791
21.75347225436452
21.71436243880269
21.67538940950974
21.636551185647317
21.59784582503565
21.559271423348445
21.520826113327786
21.482508064018774
21.44431548002261
21.40624660076839
21.368299699802222
21.330473084094045
21.292765093360636
21.255174099405117
21.217698505472203
21.18033674561848
21.143087284097682
21.10594861476043
21.06891926046773
21.031997772518203
20.995182730088498
20.95847273968656
20.921866434617165
20.885362474459846
20.848959544558483
20.81265635552231
20.77645164273813
20.74034416589334
20.70433270850958
20.66841607748657
20.63259310265593
20.596862636344838
20.561223552949077
20.525674748515247
20.490215140332204
20.454843666530873
20.419559285692976
20.384360976467832
20.349247737197206
20.31421858554835
20.279272558154318
20.244408710262125
20.209626115388104
20.174923864980226
20.14030106808766
20.105756851036894
20.071290357114584
20.036900746256794
20.00258719474458
19.96834889490565
19.934185054822144
19.900094898044152
19.866077663309042
19.83213260426621
19.798258989207532
19.7644561008029
19.730723235841083
19.69705970497565
19.66346483247582
19.629937955982246
19.596478426267314
19.563085607000392
19.529758874517327
19.496497617594567
19.46330123722737
19.430169146412553
19.39710076993501
19.364095544158605
19.331152916820763
19.298272346831062
19.265453304073635
19.23269526921306
19.199997733504116
19.167360198604964
19.134782176393646
19.102263188788395
19.06980276757067
19.037400454211948
19.005055799703428
18.972768364388926
18.94053771780072
18.908363438498533
18.87624511391126
18.844182340181742
18.812174722014085
18.780221872523935
18.74832341309143
18.71647897321656
18.68468819037733
18.652950709890373
18.62126618477397
18.589634275613633
18.55805465042979
18.52652698454818
18.495050960472135
18.46362626775741
18.432252602888934
18.400929669159886
18.369657176552845
18.33843484162289
18.307262387382863
18.276139543190503
18.245066044637582
18.21404163344088
18.183066057335115
18.15213906996759
18.121260430794766
18.090429904980475
18.059647263295904
18.02891228202128
17.998224742849228
17.967584432789682
17.93699114407647
17.906444674075487
17.87594482519429
17.84549140479325
17.815084225098328
17.784723103115024
17.754407860544013
17.724138323697964
17.693914323419936
17.663735695002988
17.63360227811107
17.603513916701427
17.57347045894792
17.543471757166028
17.51351766773866
17.4836080510435
17.453742771381318
17.42392169690556
17.39414469955302
17.364411654975637
17.334722442473417
17.30507694492838
17.275475048739658
17.245916643759475
17.216401623230393
17.186929883723245
17.157501325076332
17.12811585033541
17.098773365694775
17.069473780439097
17.040217006886273
17.011002960331297
16.981831558990702
16.952702723948203
16.923616379100945
16.894572451106793
16.86557086933223
16.836611565801267
16.80769447514498
16.778819534551907
16.749986683719243
16.72119586480474
16.69244702237931
16.66374010338041
16.635075057066203
16.606451834970226
16.57787039085695
16.549330680677905
16.52083266252848
16.4923762966055
16.463961545165187
16.435588372482005
16.40725674480805
16.378966630332922
16.35071799914445
16.322510823189763
16.294345076237008
16.266220733837777
16.238137773289935
16.210096173600967
16.182095915452106
16.154136981162704
16.126219354655323
16.098343021421233
16.070507968486478
16.042714184378426
16.014961659092744
15.987250384060976
15.959580352118508
15.931951557472969
15.904363995673169
15.876817663578436
15.849312559328425
15.821848682313327
15.794426033144576
15.767044613625792
15.739704426724407
15.712405476543498
15.685147768294094
15.657931308267838
15.630756103810064
15.603622163293293
15.576529496091002
15.54947811255184
15.52246802397421
15.495499242581136
15.46857178149558
15.441685654716007
15.414840877092361
15.388037464302306
15.361275432827899
15.334554799932462
15.3078755836379
15.281237802702208
15.254641476597369
15.22808662548755
15.201573270207543
15.175101432241581
15.148671133702313
15.1222823973103
15.095935246373486
15.069629704767156
15.043365796914197
15.017143547765397
14.990962982780275
14.96482412790796
14.938727009568469
14.912671654634176
14.886658090411514
14.860686344622982
14.834756445389312
14.80886842121196
14.783022300955773
14.7572181138319
14.731455889380957
14.705735657456334
14.680057448207876
14.654421292065596
14.62882721972378
14.603275262125178
14.577765450445417
14.55229781607771
14.526872390617669
14.501489205848397
14.476148293725695
14.450849686363537
14.425593416019684
14.400379515081562
14.375208016052207
14.350078951536549
14.324992354227753
14.299948256893737
14.274946692364026
14.249987693516593
14.225071293264987
14.200197524545548
14.175366420304957
14.150578013487667
14.12583233702385
14.101129423817198
14.076469306733081
14.051852018586793
14.02727759213198
14.002746060049082
13.978257454934296
13.95381180928824
13.929409155505033
13.90504952586154
13.880732952506591
13.856459467450577
13.83222910255491
13.808041889521913
13.783897859884636
13.759797044996954
13.735739476023696
13.711725183930987
13.687754199476684
13.66382655320099
13.63994227541714
13.616101396202286
13.592303945388423
13.568549952553603
13.544839447013057
13.521172457810653
13.497549013710357
13.473969143187853
13.450432874422296
13.426940235288171
13.403491253347314
13.380085955840965
13.356724369682063
13.33340652144756
13.310132437370864
13.28690214333455
13.263715664862897
13.24057302711479
13.217474254876704
13.194419372555638
13.17140840417236
13.148441373354627
13.125518303330658
13.102639216922476
13.079804136539698
13.057013084173084
13.034266081388472
13.011563149320661
12.98890430866743
12.96628957968374
12.943718982175923
12.92119253549611
12.898710258536552
12.876272169724402
12.853878287016132
12.831528627892498
12.809223209353329
12.786962047912443
12.764745159592882
12.742572559921888
12.720444263926336
12.698360286127976
12.676320640539007
12.654325340657605
12.632374399463572
12.610467829414107
12.588605642439632
12.56678784993984
12.545014462779633
12.523285491285328
12.501600945240897
12.479960833884233
12.458365165903645
12.436813949434363
12.415307192055106
12.393844900784844
12.372427082079492
12.351053741828935
12.329724885353858
12.308440517402907
12.287200642149756
12.266005263190479
12.244854383540705
12.22374800563319
12.202686131315224
12.181668761846261
12.160695897895595
12.139767539540134
12.118883686262166
12.098044336947433
12.077249489883059
12.056499142755653
12.035793292649506
12.015131936044913
11.994515068816442
11.973942686231403
11.95341478294838
11.932931353015821
11.912492389870698
11.892097886337272
11.871747834625983
11.851442226332283
11.83118105243567
11.810964303298785
11.790791968666564
11.770664037665396
11.750580498802549
11.730541339965445
11.710546548421194
11.690596110816085
11.670690013175205
11.650828240902156
11.63101077877879
11.611237610965032
11.591508720998744
11.571824091795817
11.552183705650156
11.532587544233738
11.513035588596916
11.493527819168607
11.474064215756627
11.45464475754814
11.435269423110078
11.41593819038971
11.396651036715202
11.377407938796326
11.358208872725204
11.339053813977086
11.319942737411214
11.300875617271814
11.281852427188998
11.26287314017989
11.243937728649758
11.225046164393158
11.20619841859523
11.18739446183295
11.168634264076577
11.149917794690948
11.131245022437156
11.112615915473942
11.094030441359372
11.075488567052494
11.056990258915047
11.03853548271324
11.020124203619595
11.001756386214815
10.983431994489779
10.965150991847448
10.946913341105015
10.928719004495902
10.91056794367204
10.892460119705962
10.874395493093102
10.856374023754128
10.838395671037265
10.820460393720687
10.802568150014977
10.7847188975657
10.766912593455855
10.749149194208462
10.731428655789312
10.71375093360951
10.696115982528319
10.67852375685585
10.66097421035593
10.64346729624888
10.626002967214554
10.608581175395095
10.591201872398065
10.57386500929939
10.556570536646415
10.539318404461001
10.522108562242721
10.504940958971925
10.487815543113
10.470732262617593
10.453691064927945
10.436691896980097
10.419734705207304
10.402819435543385
10.38594603342615
10.369114443800811
10.352324611123441
10.335576479364562
10.318869992012532
10.302205092077202
10.285581722093474
10.268999824124903
10.252459339767368
10.23596021015268
10.21950237595234
10.203085777381188
10.186710354201178
10.170376045725158
10.154082790820578
10.13783052791342
10.121619194991904
10.105448729610407
10.089319068893301
10.073230149538848
10.057181907823152
10.041174279603977
10.025207200324825
10.009280605018771
9.993394428312513
9.977548604430362
9.96174306719822
9.945977750047575
9.930252586019632
9.914567507769242
9.898922447569051
9.883317337313537
9.867752108523067
9.852226692348061
9.836741019573015
9.821295020620665
9.805888625556092
9.790521764090853
9.775194365587133
9.759906359061846
9.744657673190844
9.729448236313045
9.714277976434571
9.699146821232969
9.684054698061313
9.669001533952486
9.653987255623234
9.639011789478445
9.624075061615246
9.609176997827264
9.59431752360877
9.579496564158884
9.564714044385735
9.54996988891067
9.535264022072429
9.520596367931335
9.505966850273428
9.491375392614733
9.476821918205356
9.462306350033659
9.44782861083048
9.433388623073226
9.418986308990121
9.404621590564242
9.390294389537768
9.376004627416036
9.361752225471745
9.347537104749037
9.333359186067613
9.319218390026855
9.305114637009943
9.291047847187896
9.277017940523717
9.26302483677641
9.249068455505055
9.235148716072882
9.221265537651306
9.207418839223926
9.193608539590558
9.179834557371258
9.16609681101028
9.152395218780088
9.138729698785285
9.125100168966588
9.111506547104794
9.097948750824628
9.08442669759872
9.070940304751453
9.057489489462883
9.04407416877258
9.030694259583479
9.017349678665683
9.00404034266032
8.990766168083326
8.977527071329213
8.96432296867484
8.951153776283176
8.938019410206959
8.924919786392516
8.911854820683349
8.898824428823872
8.885828526463042
8.872867029157973
8.859939852377586
8.84704691150618
8.834188121847014
8.821363398625861
8.808572656994535
8.795815812034427
8.783092778759961
8.770403472122116
8.75774780701179
8.745125698263356
8.73253706065796
8.71998180892695
8.707459857755248
8.694971121784658
8.682515515617272
8.670092953818608
8.657703350921066
8.64534662142707
8.63302267981233
8.620731440529033
8.608472818009046
8.59624672666707
8.58405308090379
8.571891795108971
8.559762783664542
8.547665960947697
8.535601241333895
8.523568539199925
8.51156776892686
8.499598844903087
8.487661681527173
8.475756193210847
8.463882294381895
8.452039899487028
8.440228922994732
8.428449279398052
8.416700883217501
8.404983649003743
8.393297491340387
8.381642324846672
8.37001806418024
8.3584246240398
8.346861919167697
8.335329864352644
8.323828374432331
8.312357364295904
8.300916748886621
8.289506443204331
8.278126362308015
8.266776421318225
8.255456535419594
8.244166619863215
8.232906589969073
8.221676361128434
8.210475848806222
8.199304968543284
8.188163635958762
8.177051766752372
8.165969276706628
8.154916081689116
8.143892097654673
8.13289724064758
8.121931426803734
8.1109945723528
8.100086593620269
8.089207407029614
8.078356929104304
8.067535076469856
8.056741765855856
8.045976914097972
8.035240438139882
8.024532255035192
8.013852281949475
8.00320043616204
7.992576635067849
7.981980796179392
7.971412837128453
7.9608726756679715
7.950360229673799
7.939875417146425
7.929418156212735
7.918988365127722
7.908585962276149
7.898210866174234
7.887862995471256
7.877542268951223
7.86724860553439
7.856981924278906
7.8467421443823175
7.836529185183098
7.826342966162149
7.816183406944302
7.806050427299738
7.795943947145471
7.785863886546739
7.775810165718366
7.765782705026199
7.7557814249883865
7.745806246276754
7.7358570897181105
7.725933876295525
7.716036527149534
7.7061649635794875
7.696319107044699
7.68649887916567
7.6767042017252685
7.666934996669894
7.657191186110607
7.6474726923242535
7.637779437754574
7.628111345013264
7.61846833688106
7.608850336308739
7.599257266418185
7.589689050503355
7.580145612031298
7.5706268746430485
7.561132762154675
7.551663198558106
7.542218108022071
7.5327974148930235
7.523401043695953
7.514028919135239
7.504680966095559
7.495357109642598
7.4860572750239145
7.4767813876696945
7.467529373193498
7.458301157393054
7.449096666250905
7.439915825935188
7.430758562800277
7.421624803387494
7.41251447442575
7.403427502832161
7.394363815712709
7.385323340362826
7.376306004268017
7.367311735104371
7.358340460739198
7.349392109231502
7.340466608832564
7.331563887986403
7.322683875330319
7.313826499695349
7.304991690106711
7.296179375784311
7.28738948614313
7.2786219507936565
7.269876699542318
7.2611536623918305
7.2524527695416
7.243773951388085
7.235117138525134
7.226482261744351
7.217869252035369
7.209278040586212
7.200708558783521
7.192160738212898
7.1836345106591635
7.175129808106558
7.166646562739048
7.158184706940532
7.149744173295026
7.14132489458691
7.132926803801091
7.124549834123204
7.116193918939755
7.107858991838292
7.099544986607535
7.091251837237506
7.08297947791965
7.074727843046977
7.066496867214095
7.058286485217326
7.050096632054798
7.041927242926467
7.033778253234198
7.025649598581799
7.017541214775037
7.009453037821695
7.001385003931522
6.993337049516308
6.985309111189785
6.977301125767683
6.969313030267646
6.961344761909217
6.953396258113783
6.94546745650453
6.93755829490633
6.9296687113457
6.921798644050714
6.913948031450877
6.9061168121770615
6.898304925061335
6.890512309136893
6.882738903637904
6.874984647999367
6.867249481856957
6.859533345046859
6.851836177605662
6.8441579197700975
6.836498511976952
6.82885789486277
6.821236009263765
6.81363279621553
6.806048196952887
6.798482152909622
6.790934605718306
6.783405497210003
6.775894769414075
6.768402364557913
6.760928225066705
6.753472293563139
6.746034512867158
6.738614825995697
6.731213176162363
6.723829506777193
6.716463761446321
6.709115883971715
6.701785818350826
6.694473508776339
6.687178899635768
6.679901935511241
6.672642561179073
6.665400721609461
6.658176361966203
6.650969427606253
6.643779864079466
6.6366076171281545
6.6294526326867995
6.622314856881627
6.6151942360302876
6.608090716641438
6.601004245414405
6.59393476923873
6.5868822351938405
6.579846590548671
6.572827782761172
6.565825759478008
6.558840468534061
6.551871857952118
6.544919875942351
6.537984470901964
6.531065591414751
6.524163186250657
6.517277204365373
6.510407594899857
6.503554307179938
6.496717290715865
6.48989649520182
6.483091870515521
6.476303366717731
6.469530934051846
6.462774522943366
6.456034083999507
