396.79802593428127
215.0963103668048
137.3740574378598
102.99995384063092
86.60106312258155
77.88983057718248
72.61819042010275
68.9858891480483
66.2020859838775
63.90244618846882
61.9089190599636
60.12837182681578
58.50842108970545
57.017378590605915
55.63468949113163
54.3461245738931
53.141232259950456
52.01192218300736
50.951645064118736
49.95490151588163
49.016939278912076
48.1335616505889
47.30100304084877
46.51584579148501
45.77496275770604
45.075476218604464
44.41472730974279
43.79025236996594
43.199763941339675
42.641134992075784
42.112385447918136
41.61167043903376
41.13726987103387
40.68757905589411
40.261100219349224
39.85643475321434
39.4722761148545
39.10740329838527
38.76067481733782
38.431023149084474
38.1174495989026
37.81901954721725
37.53485804792882
37.26414574922231
37.006115111132395
36.76004689656976
36.52526691461633
36.30114299673946
36.08708218821128
35.882528138488816
35.686958675630976
35.499883551030656
35.320842341831735
35.1494024993942
34.98515753308301
34.82772531948886
34.67674652795194
34.531883153959896
34.3928171526373
34.25924916513224
34.13089733124955
34.007496182183324
33.88879560765831
33.774559892216054
33.66456681577248
33.55860681393324
33.456482193886195
33.35800640199617
33.26300333951238
33.171306723057285
33.08275948681019
32.99721322351901
32.91452766168347
32.834570176439925
32.75721533185772
32.68234445251789
32.60984522239759
32.53961130922284
32.47154201258206
32.40554193421211
32.34152066898137
32.279392515195894
32.21907620295036
32.16049463933591
32.10357466939651
32.04824685180431
31.99444524829328
31.942107225957326
31.89117327157965
31.84158681721687
31.793294076314268
31.746243889676496
31.700387580665677
31.655678819038155
31.612073492873186
31.569529588081917
31.52800707501879
31.487467801750928
31.44787539356795
31.409195158344488
31.371393997391223
31.334440321455787
31.298303971555814
31.262956144347083
31.228369321749707
31.194517204572843
31.1613746498949
31.128917611971715
31.09712308646039
31.065969057759315
31.03543444927847
31.005499076463952
30.976143602414663
30.947349495936734
30.91909899189192
30.891375053705953
30.864161337909508
30.837442160593938
30.81120246566983
30.785427794825296
30.760104259084223
30.73521851187422
30.710757723516785
30.686709557059345
30.663062145372255
30.639804069439922
30.616924337778062
30.594412366914533
30.57225796287362
30.550451303608273
30.528982922327785
30.50784369167081
30.487024808677813
30.46651778051877
30.44631441093491
30.426406787355443
30.406787268653225
30.387448473504012
30.368383269317555
30.349584761709533
30.331046284485563
30.31276139010983
30.294723840633058
30.276927599055345
30.259366821100773
30.24203584738291
30.224929195940053
30.20804155512149
30.191367776806512
30.174902869938922
30.158641994361144
30.14258045493196
30.12671369591438
30.11103729561915
30.095546961291365
30.080238524227784
30.065107935113552
30.050151259566928
30.035364673882253
30.020744460960838
30.006287006420827
29.99198879487707
29.977846406382824
29.963856513025153
29.950015875667216
29.936321340829306
29.922769837702976
29.909358375291347
29.896084039669603
29.882943991360165
29.86993546281696
29.85705575601375
29.84430224013151
29.831672349340344
29.819163580671564
29.806773491975708
29.79449969996239
29.782339878318545
29.770291755901322
29.758353115002045
29.746521789678354
29.73479566415132
29.723172671264486
29.711650791002242
29.700228049064915
29.68890251549787
29.6776723033724
29.66653556751598
29.655490503290167
29.644535345413388
29.63366836682717
29.622887877603873
29.612192223894095
29.601579786911728
29.591048981955918
29.5805982574674
29.570226094118414
29.559931003934434
29.549711529446817
29.53956624287442
29.529493745333692
29.51949266607572
29.509561661749025
29.49969941568734
29.489904637221247
29.480176061012646
29.470512446411266
29.460912576832136
29.451375259153586
29.441899323134468
29.432483620850228
29.423127026146908
29.413828434112563
29.40458676056501
29.395400941555984
29.386269932890308
29.377192709659994
29.36816826579273
29.359195613613863
29.350273783421628
29.341401823075188
29.332578797594913
29.323803788774278
29.315075894803453
29.306394229903354
29.29775792397091
29.28916612223394
29.28061798491619
29.272112686911733
29.26364941746849
29.255227379880722
29.246845791189877
29.238503881893756
29.23020089566358
29.22193608906886
29.213708731309517
29.20551810395528
29.197363500691964
29.189244227074553
29.181159600286456
29.173108948905572
29.165091612675877
29.1571069422852
29.14915429914851
29.141233055196867
29.13334259267156
29.12548230392344
29.117651591217218
29.10984986654081
29.102076551418993
29.094331076731883
29.086612882537867
29.078921417900474
29.071256140719857
29.063616517567883
29.05600202352729
29.0484121420348
29.040846364727514
29.03330419129325
29.02578512932419
29.0182886941738
29.010814408817193
29.00336180371455
28.995930416677737
28.988519792739815
28.981129484027427
28.973759049636186
28.96640805550868
28.959076074315302
28.951762685337403
28.944467474353377
28.93719003352692
28.929929961297752
28.92268686227476
28.91546034713144
28.908250032503297
28.901055540887857
28.893876500546323
28.886712545407548
28.879563314973954
28.872428454229524
28.865307613549255
28.858200448611083
28.85110662030913
28.84402579466885
28.836957642764098
28.82990184063552
28.822858069210877
28.81582601422672
28.808805366151823
28.801795820112147
28.794797075816952
28.787808837486867
28.780830813782856
28.773862717736993
28.766904266684392
28.759955182196283
28.75301519001481
28.746084019988736
28.739161406010332
28.73224708595386
28.72534080161477
28.71844229865031
28.711551326521313
28.704667638434728
28.697790991287732
28.69092114561237
28.68405786552167
28.67720091865635
28.670350076132923
28.663505112492402
28.65666580565015
28.649831936846596
28.643003290598827
28.636179654653052
28.629360819938043
28.622546580519217
28.615736733553703
28.608931079246233
28.602129420805635
28.59533156440228
28.588537319126303
28.581746496946383
28.574958912669416
28.56817438390089
28.561392731005807
28.554613777070536
28.547837347865055
28.541063271806145
28.534291379920916
28.52752150581125
28.520753485618673
28.51398715798996
28.507222364043113
28.500458947334234
28.493696753824793
28.486935631849374
28.480175432084163
28.473416007515787
28.466657213410873
28.45989890728596
28.45314094887795
28.44638320011515
28.439625525088676
28.43286779002444
28.426109863255512
28.41935161519505
28.412592918309546
28.405833647092617
28.39907367803918
28.392312889620165
28.385551162257403
28.37878837829917
28.372024421996024
28.36525917947697
28.35849253872626
28.351724389560164
28.344954623604576
28.33818313427255
28.331409816742628
28.324634567937064
28.317857286500857
28.311077872780622
28.304296228804322
28.29751225826088
28.290725866480376
28.28393696041449
28.27714544861724
28.270351241225896
28.263554249942494
28.256754388015445
28.2499515702213
28.243145712847127
28.236336733672893
28.22952455195417
28.22270908840531
28.215890265182455
28.20906800586739
28.202242235450985
28.195412880317484
28.18857986822867
28.181743128308252
28.17490259102688
28.168058188186876
28.161209852907476
28.154357519610354
28.147501124005082
28.140640603075127
28.133775895063813
28.126906939460635
28.12003367698763
28.113156049586156
28.106274000403676
28.099387473780716
28.092496415238312
28.085600771465185
28.07870049030553
28.07179552074656
28.064885812906763
28.057971318023718
28.051051988442524
28.04412777760423
28.03719864003443
28.03026453133205
28.023325408158268
28.01638122822551
28.00943195028679
28.002477534125003
27.995517940542527
27.988553131350756
27.98158306935998
27.974607718369352
27.967627043156867
27.96064100946963
27.95364958401411
27.9466527344467
27.939650429364278
27.932642638294805
27.925629331688224
27.91861048090746
27.911586058219342
27.904556036785955
27.897520390655668
27.89047909475479
27.883432124878908
27.876379457684543
27.869321070680794
27.862256942221293
27.855187051495896
27.848111378522944
27.841029904141124
27.833942610001838
27.826849478561392
27.819750493073382
27.812645637581305
27.80553489691082
27.79841825666267
27.79129570320528
27.78416722366755
27.777032805931828
27.769892438626734
27.76274611112038
27.755593813513336
27.74843553663192
27.741271272021375
27.734101011939366
27.726924749349223
27.719742477913464
27.712554191987437
27.70535988661285
27.698159557511445
27.690953201078745
27.683740814377916
27.676522395133578
27.669297941725816
27.662067453183987
27.654830929180992
27.647588370027243
27.64033977666478
27.63308515066167
27.625824494206135
27.618557810100835
27.611285101757364
27.604006373190582
27.596721629013157
27.589430874430025
27.582134115232993
27.5748313577953
27.567522609066376
27.56020787656649
27.552887168381467
27.545560493157627
27.538227860096356
27.53088927894927
27.52354476001296
27.516194314124025
27.508837952653977
27.501475687504474
27.494107531102134
27.486733496393818
27.479353596841783
27.47196784641876
27.464576259603266
27.4571788513748
27.449775637209104
27.442366633073625
27.434951855422668
27.427531321192884
27.42010504779874
27.412673053127754
27.40523535553627
27.39779197384463
27.390342927332963
27.38288823573664
27.375427919241776
27.367961998480997
27.360490494529028
27.353013428898272
27.345530823534578
27.338042700812927
27.330549083533224
27.323049994916023
27.315545458598223
27.308035498629007
27.30052013946564
27.292999405969308
27.28547332340095
27.27794191741721
27.270405214066333
27.262863239784146
27.255316021389916
27.24776358608242
27.24020596143591
27.232643175396092
27.225075256276252
27.217502232753148
27.209924133863357
27.202340988999016
27.19475282790417
27.187159680670813
27.17956157773511
27.17195854987334
27.16435062819835
27.156737844155533
27.149120229519127
27.14149781638838
27.13387063718388
27.12623872464367
27.11860211181961
27.110960832073676
27.10331491907413
27.09566440679198
27.088009329497137
27.08034972175495
27.072685618422373
27.065017054644375
27.05734406585044
27.04966668775076
27.041984956332755
27.03429890785752
27.026608578856127
27.018914006126124
27.011215226728062
27.003512277981827
26.995805197463238
26.98809402300041
26.980378792670333
26.972659544795423
26.964936317939866
26.95720915090645
26.949478082732686
26.941743152687877
26.934004400269252
26.926261865198725
26.91851558741952
26.910765607092667
26.903011964593688
26.895254700509195
26.887493855633515
26.879729470965344
26.871961587704412
26.864190247248082
26.856415491188123
26.84863736130731
26.840855899576137
26.833071148149624
26.825283149363827
26.817491945732822
26.80969757994518
26.801900094860873
26.794099533508046
26.78629593907967
26.778489354930432
26.770679824573413
26.762867391677016
26.755052100061672
26.747233993696696
26.739413116697115
26.73158951332047
26.723763227963744
26.715934305160175
26.708102789576092
26.70026872600787
26.69243215937874
26.68459313473578
26.67675169724676
26.668907892197062
26.66106176498665
26.653213361126966
26.645362726237984
26.63750990604501
26.629654946375815
26.6217978931576
26.61393879241383
26.6060776902614
26.59821463290766
26.59034966664738
26.582482837859743
26.574614193005548
26.566743778624136
26.558871641330487
26.55099782781235
26.543122384827367
26.535245359200047
26.527366797818996
26.519486747634023
26.511605255653265
26.503722368940362
26.495838134611564
26.487952599833015
26.480065811817827
26.47217781782338
26.46428866514844
26.4563984011304
26.44850707314263
26.44061472859155
26.432721414914056
26.42482717957462
26.416932070062767
26.409036133890215
26.401139418588276
26.39324197170513
26.385343840803177
26.377445073456414
26.369545717247764
26.36164581976638
26.353745428605233
26.345844591358304
26.337943355618105
26.330041768973125
26.322139879005135
26.31423773328687
26.30633537937919
26.298432864828914
26.29053023716603
26.28262754390131
26.274724832523955
26.266822150498825
26.25891954526431
26.251017064229696
26.24311475477287
26.235212664237824
26.227310839932237
26.21940932912529
26.21150817904503
26.203607436876265
26.19570714975801
26.187807364781452
26.179908128987375
26.172009489363973
26.164111492844576
26.15621418630549
26.148317616563595
26.140421830374162
26.132526874428734
26.124632795352802
26.11673963970376
26.108847453968583
26.10095628456184
26.093066177823406
26.08517718001644
26.07728933732533
26.069402695853444
26.061517301621233
26.05363320056407
26.045750438530263
26.037869061279007
26.02998911447841
26.022110643703446
26.01423369443404
26.006358312053177
25.998484541844793
25.990612428991955
25.98274201857501
25.974873355569553
25.967006484844767
25.959141451161283
25.951278299169623
25.943417073408234
25.935557818301724
25.927700578159023
25.919845397171706
25.911992319412157
25.904141388831913
25.896292649259916
25.888446144400714
25.88060191783304
25.87276001300785
25.864920473246872
25.85708334174089
25.84924866154822
25.841416475592972
25.83358682666364
25.825759757411443
25.817935310348762
25.810113527847776
25.802294452138753
25.794478125308704
25.78666458929989
25.77885388590831
25.771046056782353
25.76324114342135
25.755439187174158
25.747640229237817
25.739844310656185
25.732051472318542
25.724261754958363
25.71647519915196
25.708691845317123
25.700911733712044
25.69313490443391
25.685361397417648
25.67759125243484
25.6698245090925
25.6620612068317
25.654301384926818
25.64654508248394
25.63879233844002
25.63104319156174
25.62329768044432
25.615555843510595
25.607817719009834
25.60008334501679
25.59235275943066
25.584625999974122
25.576903104192272
25.56918410945177
25.561469052939817
25.55375797166331
25.546050902447863
25.538347881937007
25.53064894659122
25.522954132687207
25.51526347631688
25.50757701338678
25.499894779617055
25.492216810540896
25.484543141503565
25.476873807661846
25.469208843983175
25.461548285245094
25.45389216603433
25.446240520746382
25.438593383584653
25.430950788560022
25.42331276949002
25.41567935999839
25.408050593514428
25.40042650327243
25.392807122311194
25.3851924834734
25.377582619405178
25.36997756255564
25.362377345176252
25.354781999320558
25.347191556843626
25.339606049401663
25.332025508451583
25.324449965250686
25.31687945085621
25.309313996124946
25.30175363171301
25.294198388075447
25.286648295465973
25.279103383936608
25.27156368333742
25.26402922331641
25.256500033319078
25.248976142588283
25.24145758016409
25.233944374883468
25.226436555380253
25.218934150084834
25.211437187224142
25.203945694821424
25.196459700696302
25.18897923246439
25.181504317537478
25.174034983123434
25.166571256226003
25.15911316364488
25.151660731975756
25.144213987610183
25.1367729567357
25.129337665335758
25.121908139189905
25.114484403873693
25.107066484758843
25.099654407013347
25.09224819560148
25.084847875284048
25.07745347061841
25.070065005958625
25.062682505455776
25.055305993057907
25.047935492510376
25.04057102735606
25.033212620935462
25.025860296387044
25.018514076647428
25.011173984451666
25.003840042333497
24.996512272625676
24.989190697460245
24.981875338768827
24.974566218282973
24.96726335753456
24.95996677785592
24.952676500380566
24.94539254604323
24.93811493558043
24.930843689530874
24.923578828235772
24.916320371839344
24.909068340289277
24.90182275333708
24.894583630538644
24.887350991254632
24.880124854651054
24.87290523969969
24.865692165178658
24.858485649672858
24.851285711574594
24.84409236908404
24.83690564020981
24.82972554276965
24.822552094390698
24.81538531251043
24.808225214377043
24.80107181705014
24.79392513740128
24.786785192114696
24.779651997687825
24.77252557043201
24.76540592647325
24.758293081752658
24.75118705202729
24.74408785287085
24.736995499674233
24.729910007646343
24.72283139181484
24.715759667026745
24.708694847949232
24.701636949070377
24.694585984699888
24.68754196896985
24.680504915835556
24.67347483907609
24.66645175229538
24.659435668922818
24.652426602213996
24.645424565251737
24.638429570946617
24.63144163203804
24.624460761094895
24.617486970516524
24.610520272533385
24.603560679208083
24.596608202436105
24.589662853946734
24.582724645303834
24.575793587906887
24.56886969299172
24.56195297163145
24.55504343473732
24.548141093059737
24.541245957189002
24.534358037556352
24.52747734443481
24.520603887940112
24.51373767803164
24.50687872451336
24.500027037034705
24.493182625091663
24.48634549802749
24.47951566503388
24.47269313515178
24.465877917272454
24.45907002013832
24.452269452344048
24.445476222337426
24.43869033842044
24.431911808750158
24.425140641339734
24.41837684405945
24.411620424637686
24.404871390661803
24.398129749579383
24.391395508698945
24.38466867519116
24.377949256089792
24.37123725829262
24.364532688562647
24.357835553528872
24.35114585968755
24.344463613403
24.33778882090876
24.33112148830856
24.324461621577377
24.317809226562463
24.311164308984296
24.304526874437684
24.29789692839283
24.291274476196307
24.28465952307206
24.278052074122552
24.271452134329703
24.264859708556
24.25827480154546
24.251697417924753
24.245127562204207
24.23856523877878
24.232010451929238
24.225463205823154
24.218923504515843
24.212391351951542
24.205866751964436
24.199349708279566
24.192840224514022
24.186338304178037
24.179843950675764
24.173357167306584
24.166877957265996
24.160406323646757
24.153942269439863
24.14748579753556
24.141036910724463
24.134595611698575
24.12816190305224
24.121735787283264
24.115317266793976
24.108906343892095
24.10250302079202
24.09610729961559
24.08971918239333
24.083338671065295
24.076965767482267
24.070600473406657
24.064242790513575
24.05789272039175
24.05155026454476
24.04521542439183
24.038888201269003
24.032568596429975
24.026256611047312
24.019952246213208
24.013655502940754
24.007366382164733
24.00108488474267
23.9948110114559
23.988544763010417
23.982286140038045
23.976035143097224
23.969791772674096
23.963556029183493
23.957327912969873
23.951107424308294
23.944894563405374
23.93868933040027
23.93249172536565
23.92630174830862
23.920119399171686
23.913944677833676
23.907777584110697
23.901618117757167
23.895466278466518
23.8893220658724
23.883185479549432
23.87705651901416
23.87093518372602
23.864821473088192
23.858715386448527
23.85261692310051
23.846526082284047
23.84044286318643
23.834367264943268
23.82829928663927
23.822238927309186
23.816186185938705
23.810141061465256
23.8041035527789
23.79807365872329
23.792051378096303
23.786036709651164
23.780029652097028
23.774030204100043
23.76803836428402
23.76205413123137
23.75607750348382
23.75010847954337
23.744147057872965
23.738193236897413
23.732247015004106
23.7263083905439
23.720377361831744
23.71445392714773
23.708538084737544
23.70262983281356
23.696729169555358
23.69083609311062
23.684950601595812
