541.717822062315
279.0696631813503
168.81242519737776
120.9706871226727
98.62130893113772
87.03395097310994
80.20892657303789
75.63161790826256
72.20618286222275
69.43021558436055
67.05872433006041
64.96366395972348
63.07310015303452
61.34365666539086
59.74736855980869
58.2650519142781
56.882776219745026
55.58989621265713
54.37790909281431
53.239768743485676
52.169462392574026
51.16174231306325
50.211951144385736
49.31590476508995
48.46981111706132
47.670211859089044
46.91393878760818
46.198080022486785
45.519952823688634
44.87708105309185
44.26717600609378
43.6881197796255
43.13795062006116
42.61484986935303
42.117130239332354
41.64322521635796
41.19167944610666
40.76113998039943
40.35034829021474
39.95813296495355
39.58340302982188
39.22514182223301
38.88240137530412
38.554297262376124
38.24000386139284
37.93875000215759
37.64981496312775
37.37252478759278
37.1062488919169
36.85039694104242
36.604415968713475
36.36778772190996
36.14002621081492
35.92067544728999
35.70930735633684
35.50551984637278
35.30893502538623
35.11919755114974
34.9359731046857
34.758946977104806
34.587822760774266
34.42232113653699
34.2621787494037
34.107147165769426
33.95699190578759
33.811491545061266
33.670436880296656
33.533630153996526
33.400884333680786
33.272022441484964
33.14687693032357
33.025289103113096
32.907108571830214
32.792192753438805
32.680406399953334
32.57162116012541
32.46571517043385
32.36257267324471
32.26208366017107
32.1641435388161
32.06865282122359
31.97551683248908
31.884645438101067
31.79595278869483
31.709357080995723
31.624780333826735
31.542148178133424
31.461389660064484
31.382437056210428
31.30522570017513
31.229693819711954
31.155782383713955
31.083434958399096
31.01259757207957
30.94321858794662
30.875248584345893
30.808640242053176
30.74334823809672
30.67932914570314
30.616541339974496
30.554944908932594
30.49450156958834
30.435174588721623
30.376928708076044
30.319730073694387
30.263546169139396
30.208345752360078
30.15409879598234
30.10077643081558
30.04835089238143
29.996795470283963
29.946084460251914
29.896193118694892
29.847097619626258
29.79877501381345
29.751203190027706
29.704360838271025
29.658227414867397
29.61278310931201
29.56800881277952
29.52388608819643
29.480397141792366
29.43752479604576
29.395252463948726
29.35356412451765
29.31244429948192
29.27187803108686
29.23185086095092
29.192348809920606
29.15335835886958
29.11486643039311
29.07686037134923
29.039327936203964
29.00225727113722
28.9656368988718
28.92945570418652
28.893702920080226
28.858368114552587
28.82344117797099
28.788912310994004
28.75477201302378
28.721011071161122
28.687620549638336
28.65459177970674
28.621916349956322
28.58958609704701
28.557593096831393
28.52592965585017
28.494588303182983
28.46356178263732
28.43284304525969
28.402425242154305
28.37230171759443
28.342466002413122
28.312911807660896
28.283633018517047
28.25462368844408
28.225878033573782
28.197390427314527
28.16915539516994
28.141167609759446
28.11342188603187
28.08591317666336
28.058636567631673
28.031587273959246
28.00476063561751
27.978152113585395
27.95175728605585
27.925571844783452
27.8995915915676
27.873812434865222
27.848230386527792
27.822841558657107
27.797642160575275
27.772628495903827
27.74779695974783
27.723144035980106
27.69866629462203
27.67436038931673
27.65022305489081
27.626251105001646
27.60244142986557
27.578790994065283
27.555296834432188
27.53195605800096
27.508765840033995
27.48572342211238
27.462826110290774
27.440071273314675
27.41745634089619
27.39497880204739
27.372636203468225
27.350426147987243
27.32834629305313
27.306394349274978
27.284568079009578
27.262865294994032
27.241283859021877
27.21982168066104
27.198476716012426
27.177246966507255
27.15613047774188
27.13512533834888
27.114229678902834
27.09344167085971
27.072759525528674
27.05218149307509
27.03170586155339
27.011330955969484
26.9910551373706
26.97087680196253
26.95079438025293
26.93080633621953
26.910911166503045
26.891107399623223
26.8713935952177
26.851768343302783
26.83223026355522
26.812778004614565
26.79341024340521
26.774125684477497
26.75492305936732
26.735801125973413
26.71675866795209
26.69779449412842
26.678907437923737
26.660096356798668
26.641360131711068
26.622697666589
26.60410788781733
26.585589743738286
26.56714220416532
26.54876425990955
26.530454922318793
26.512213222828596
26.494038212524714
26.475928961717326
26.457884559525617
26.439904113473368
26.421986749094597
26.404131609549335
26.386337855248694
26.3686046634898
26.350931228099356
26.33331675908617
26.315760482302238
26.298261639112123
26.280819486070204
26.263433294605914
26.246102350716427
26.228825954666693
26.211603420696708
26.194434076735526
26.1773172641221
26.160252337332732
26.14323866371459
26.126275623225784
26.109362608180916
26.092499023003086
26.075684283980774
26.058917819031038
26.042199067467333
26.025527479773043
26.00890251737976
25.992323652450548
25.97579036766806
25.95930215602722
25.942858520632345
25.92645897449901
25.910103040359626
25.893790250473828
25.877520146442304
25.8612922790251
25.845106207963337
25.82896150180503
25.812857737734223
25.796794501404023
25.78077138677279
25.764787995943767
25.74884393900824
25.732938833891517
25.717072306202272
25.701243989084944
25.685453523074933
25.669700555956876
25.653984742625592
25.638305744949854
25.622663231638857
25.607056878111266
25.59148636636681
25.575951384860428
25.560451628378853
25.544986797919382
25.529556600571244
25.514160749399096
25.49879896332871
25.48347096703479
25.46817649083106
25.452915270562226
25.43768704749814
25.42249156822966
25.407328584566717
25.392197853438145
25.3770991367933
25.362032201505517
25.346996819277415
25.331992766547685
25.317019824399857
25.30207777847247
25.28716641887094
25.27228554008111
25.257434940884053
25.242614424272652
25.227823797369666
25.213062871346995
25.198331461346484
25.18362938640225
25.168956469364144
25.154312536822683
25.139697419035315
25.1251109498537
25.110552966652563
25.09602331025966
25.081521824886735
25.067048358062067
25.05260276056375
25.038184886354387
25.023794592516786
25.009431739190727
24.99509618951076
24.980787809545262
24.96650646823627
24.952252037340386
24.938024391370757
24.923823407539963
24.909648965703866
24.895500948306346
24.881379240325067
24.867283729218027
24.853214304871006
24.839170859546034
24.82515328783048
24.81116148658716
24.797195354905163
24.783254794051576
24.76933970742389
24.755450000503295
24.74158558080872
24.72774635785155
24.71393224309117
24.70014314989126
24.686378993476694
24.67263969089124
24.65892516095593
24.645235324228107
24.63157010296111
24.61792942106476
24.604313204066283
24.590721379072015
24.577153874729767
24.563610621191643
24.55009155007759
24.536596594439725
24.523125688726754
24.509678768749488
24.49625577164671
24.482856635851498
24.46948130105841
24.456129708190865
24.442801799369313
24.42949751787991
24.41621680814354
24.402959615685575
24.389725887105982
24.37651557005008
24.363328613179604
24.350164966144433
24.33702457955463
24.323907404953186
24.310813394788997
24.297742502390374
24.284694681939072
24.271669888444737
24.258668077719733
24.245689206354434
24.232733231693043
24.219800111809594
24.206889805484693
24.19400227218237
24.181137472027597
24.168295365783884
24.15547591483161
24.142679081146582
24.129904827278917
24.117153116332414
24.104423911944266
24.0917171782651
24.079032879939472
24.066370982086568
24.053731450281436
24.041114250536438
24.02851934928313
24.015946713354367
24.003396309966917
23.990868106704255
23.978362071499724
23.965878172620037
23.953416378649134
23.94097665847228
23.928558981260466
23.916163316455197
23.903789633753597
23.89143790309357
23.879108094639648
23.86680017876875
23.854514126056518
23.842249907263756
23.830007493323144
23.817786855326418
23.805587964511638
23.793410792250697
23.781255310037245
23.76912148947491
23.757009302265406
23.744918720197422
23.732849715135345
23.720802259008458
23.708776323800283
23.6967718815381
23.684788904283042
23.672827364119897
23.66088723314759
23.648968483469677
23.637071087185127
23.625195016379273
23.613340243115093
23.60150673942457
23.589694477300352
23.57790342868765
23.566133565476232
23.554384859492686
23.542657282492883
23.530950806154806
23.519265402071095
23.507601041742422
23.495957696570535
23.484335337851718
23.47273393677053
23.46115346439351
23.449593891663163
23.438055189392113
23.426537328257528
23.4150402787955
23.403564011395936
23.39210849629712
23.38067370358104
23.369259603168253
23.35786616481349
23.34649335810105
23.335141152440425
23.323809517062156
23.31249842101378
23.301207833155953
23.28993772215866
23.278688056497717
23.267458804451177
23.25624993409613
23.2450614133055
23.233893209744956
23.222745290870073
23.21161762392352
23.200510175932358
23.189422913705677
23.178355803832062
23.167308812677412
23.156281906382684
23.145275050861994
23.134288211800623
23.123321354653267
23.112374444642338
23.101447446756385
23.090540325748645
23.079653046135743
23.06878557219627
23.05793786796995
23.047109897256277
23.036301623613735
23.02551301035898
23.014744020566138
23.003994617065928
22.99326476244534
22.98255441904714
22.971863548969328
22.96119211406512
22.95054007594253
22.93990739596437
22.92929403524816
22.91869995466624
22.908125114845898
22.89756947616948
22.88703299877486
22.876515642555635
22.866017367161646
22.855538131999463
22.84507789623303
22.834636618784238
22.824214258333605
22.813810773321222
22.80342612194745
22.793060262173956
22.7827131517245
22.77238474808621
22.762075008510525
22.751783890014337
22.74151134938136
22.731257343163204
22.721021827680726
22.710804759025603
22.700606093061516
22.69042578542568
22.68026379153045
22.67012006656491
22.659994565496277
22.649887243071813
22.63979805382039
22.629726952054238
22.6196738918709
22.609638827154793
22.5996217115793
22.589622498608566
22.579641141499508
22.569677593303748
22.55973180686964
22.54980373484433
22.539893329675866
22.530000543615273
22.52012532871868
22.510267636849587
22.50042741968095
22.49060462869751
22.480799215197965
22.47101113029739
22.46124032492945
22.45148674984864
22.441750355632866
22.432031092685676
22.422328911238655
22.41264376135393
22.40297559292657
22.393324355686957
22.383689999203458
22.374072472884734
22.364471725982366
22.3548877075933
22.345320366662467
22.335769651985228
22.32623551221016
22.316717895841336
22.307216751241178
22.29773202663284
22.28826367010307
22.278811629604593
22.269375852958884
22.2599562878588
22.250552881871187
22.241165582439493
22.231794336886566
22.222439092417194
22.21309979612081
22.203776394974238
22.194468835844233
22.185177065490333
22.175901030567395
22.16664067762836
22.157395953126922
22.148166803420285
22.138953174771693
22.129755013353297
22.120572265248768
22.11140487645594
22.102252792889622
22.09311596038413
22.0839943246961
22.074887831507127
22.06579642642643
22.056720054993484
22.047658662680796
22.038612194896455
22.02958059698692
22.02056381423953
22.01156179188527
22.002574475101355
21.993601809013864
21.984643738700406
21.975700209192706
21.966771165479184
21.95785655250773
21.948956315188084
21.940070398394525
21.93119874696844
21.922341305720984
21.913498019435465
21.904668832870012
21.895853690760127
21.887052537821138
21.878265318750778
21.86949197823172
21.86073246093393
21.851986711517355
21.84325467463425
21.834536294931716
21.825831517054098
21.81714028564546
21.80846254535204
21.799798240824526
21.791147316720654
21.78250971770748
21.77388538846368
21.765274273682127
21.75667631807203
21.748091466361313
21.739519663299063
21.73096085365772
21.722414982235286
21.713881993857814
21.705361833381502
21.696854445695006
21.688359775721654
21.67987776842166
21.671408368794346
21.66295152188029
21.654507172763605
21.646075266573888
21.637655748488594
21.629248563734972
21.6208536575923
21.6124709753939
21.60410046252931
21.595742064446203
21.587395726652574
21.579061394718682
21.570739014279116
21.56242853103473
21.554129890754695
21.54584303927843
21.537567922517535
21.52930448645776
21.521052677160913
21.512812440766726
21.504583723494783
21.496366471646354
21.48816063160626
21.47996614984475
21.471782972919257
21.463611047476174
21.45545032025278
21.44730073807885
21.439162247878464
21.43103479667182
21.4229183315768
21.41481279981083
21.406718148692494
21.398634325643176
21.39056127818873
21.382498953961182
21.374447300700293
21.366406266255165
21.358375798585833
21.350355845764827
21.34234635597883
21.334347277530014
21.326358558837793
21.318380148440138
21.310411994995206
21.302454047282705
21.294506254205512
21.286568564790922
21.278640928192225
21.270723293690025
21.26281561069369
21.254917828742784
21.247029897508256
21.23915176679394
21.231283386537918
21.223424706813674
21.21557567783155
21.207736249939977
21.199906373626714
21.19208599952017
21.184275078390613
21.176473561151315
21.16868139886002
21.160898542719796
21.1531249440805
21.145360554439776
21.137605325444312
21.129859208890895
21.122122156727542
21.11439412105473
21.106675054126324
21.09896490835075
21.09126363629206
21.083571190670934
21.075887524365747
21.06821259041363
21.06054634201142
21.052888732516642
21.045239715448584
21.037599244489186
21.029967273484033
21.02234375644317
21.01472864754232
21.007121901123444
20.999523471695923
20.991933313937263
20.984351382694072
20.976777632982895
20.969212019991055
20.96165449907747
20.954105025773455
20.94656355578368
20.939030044986772
20.931504449436193
20.923986725361004
20.91647682916665
20.908974717435672
20.901480346928448
20.893993674583914
20.886514657520287
20.879043253035746
20.871579418609148
20.86412311190067
20.856674290752522
20.849232913189507
20.841798937419778
20.83437232183539
20.826953025012944
20.81954100571414
20.812136222886494
20.80473863566381
20.79734820336681
20.78996488550366
20.78258864177055
20.77521943205221
20.767857216422495
20.760501955144814
20.753153608672758
20.74581213765046
20.738477502913216
20.73114966548789
20.723828586593307
20.71651422764097
20.709206550235205
20.70190551617376
20.69461108744822
20.687323226244406
20.680041894942793
20.672767056118932
20.665498672543745
20.65823670718401
20.650981123202723
20.643731883959376
20.636488953010403
20.62925229410948
20.622021871207874
20.61479764845472
20.607579590197414
20.60036766098188
20.593161825552862
20.585962048854235
20.578768296029242
20.571580532420843
20.564398723571912
20.5572228352255
20.550052833325157
20.542888684015068
20.53573035364034
20.5285778087472
20.52143101608329
20.514289942597717
20.50715455544141
20.500024821967237
20.492900709730158
20.485782186487466
20.47866922019895
20.471561779027002
20.464459831336793
20.457363345696482
20.450272290877226
20.44318663585345
20.436106349802838
20.42903140210657
20.421961762349323
20.414897400319465
20.407838286009106
20.40078438961414
20.393735681534444
20.386692132373817
20.379653712940158
20.37262039424548
20.36559214750589
20.3585689441418
20.35155075577783
20.344537554242866
20.337529311570147
20.330525999997242
20.323527591966005
20.316534060122745
20.309545377318045
20.302561516606893
20.29558245124855
20.288608154706687
20.281638600649195
20.27467376294827
20.267713615680353
20.260758133126068
20.253807289770137
20.246861060301434
20.239919419612832
20.232982342801144
20.226049805167204
20.21912178221551
20.21219824965433
20.205279183395668
20.19836455955498
20.191454354451235
20.184548544606727
20.177647106747
20.170750017800735
20.163857254899558
20.156968795378038
20.15008461677348
20.143204696825748
20.13632901347725
20.129457544872626
20.122590269358756
20.115727165484454
20.10886821200044
20.1020133878591
20.095162672214276
20.088316044421212
20.081473484036188
20.074634970816554
20.067800484720365
20.06097000590618
20.054143514733035
20.047320991760035
20.04050241774622
20.033687773650424
20.026877040630875
20.020070200045208
20.01326723344996
20.006468122600538
19.999672849450917
19.992881396153418
19.986093745058355
19.979309878713906
19.97252977986581
19.96575343145706
19.958980816627673
19.952211918714497
19.945446721250708
19.938685207965833
19.931927362785192
19.925173169829755
19.91842261341581
19.911675678054678
19.90493234845241
19.898192609509408
19.891456446320227
19.884723844173195
19.877994788550108
19.871269265125864
19.864547259768216
19.857828758537334
19.851113747685584
19.844402213657116
19.837694143087518
19.830989522803474
19.82428833982246
19.817590581352288
19.81089623479083
19.804205287725612
19.797517727933446
19.790833543380117
19.78415272221988
19.77747525279519
19.770801123636264
19.76413032346072
19.757462841173187
19.75079866586481
19.744137786812995
19.737480193480945
19.73082587551716
19.72417482275525
19.717527025213194
19.71088247309326
19.70424115678133
19.697603066846607
19.690968194041076
19.68433652929918
19.677708063737356
19.671082788653504
19.664460695526635
19.657841776016404
19.651226021962596
19.644613425384726
19.63800397848161
19.63139767363078
19.624794503388124
19.618194460487363
19.611597537839614
19.60500372853284
19.598413025831444
19.591825423175738
19.585240914181437
19.57865949263924
19.572081152514205
19.56550588794539
19.55893369324523
19.552364562899122
19.545798491564824
19.53923547407204
19.53267550542177
19.526118580785926
19.51956469550668
19.513013845096044
19.506466025235284
19.499921231774344
19.493379460731376
19.48684070829216
19.4803049708096
19.473772244803047
19.467242526957946
19.46071581412509
19.4541921033201
19.44767139172302
19.441153676677516
19.43463895569047
19.428127226431346
19.42161848673158
19.415112734584046
19.40860996814249
19.402110185720854
19.39561338579278
19.38911956699099
19.38262872810663
19.37614086808876
19.369655986043654
19.36317408123424
19.35669515307959
19.350219201154026
19.343746225186848
19.337276225061444
19.330809200814798
19.324345152636855
19.31788408086983
19.311425986007617
19.304970868695158
19.29851872972776
19.29206957005054
19.285623390757657
19.279180193091758
19.27273997844328
19.266302748349823
19.259868504495458
19.253437248710057
19.247008982968705
19.24058370939094
19.2341614302401
19.227742147922726
19.22132586498775
19.214912584125948
19.20850230816917
19.202095040089677
19.195690782999456
19.18928954014951
19.18289131492922
19.176496110865564
19.170103931622435
19.163714781000003
19.15732866293392
19.15094558149466
19.144565540886823
19.138188545448305
19.131814599649747
19.12544370809366
19.119075875513808
19.112711106774434
19.106349406869487
19.099990780921985
19.09363523418323
19.08728277203201
19.080933399973958
19.07458712364073
19.068243948789295
19.06190388130122
19.055566927181793
19.049233092559422
19.04290238368475
19.03657480692994
